147,24,8,7,30,11,5,8,9,17,8,48,13,7,17,14,8,12,11,7,5,3,32,9,8,8,7,4,2,7,7,10,6,3,4,7,12,7,7,7,2,2,19,9,4,3,9,18,15,4,2,5,4,8,4,3,14,8996,253
263,37,14,12,62,19,9,16,16,26,13,66,20,12,24,21,16,21,26,17,10,8,66,18,13,18,18,9,6,14,12,21,15,6,8,16,21,11,16,17,5,5,28,14,8,6,17,26,22,9,5,11,9,17,10,7,24,8201,484
318,47,17,15,73,24,12,19,21,34,17,79,25,16,31,29,20,26,30,21,13,11,76,22,17,21,21,12,9,17,15,24,17,9,11,21,26,14,19,21,8,7,37,19,10,8,22,32,30,12,7,14,12,23,13,9,31,7768,605
348,48,19,16,87,26,14,21,23,33,18,76,25,18,29,28,22,25,33,24,14,13,91,25,19,25,25,13,11,19,17,28,21,10,12,28,28,15,23,25,9,9,35,19,12,10,25,32,30,14,10,15,14,31,14,12,32,7530,689
347,46,19,17,96,30,15,22,26,35,18,78,29,22,31,28,23,30,52,37,17,14,101,27,22,39,42,17,11,18,17,37,28,11,14,33,31,17,32,36,10,9,35,19,12,11,25,31,28,14,9,18,15,35,18,12,35,7310,727
455,50,21,16,110,26,12,26,24,29,14,81,26,16,25,24,26,28,37,23,13,11,116,26,18,25,24,13,10,22,17,29,20,9,11,25,29,13,21,24,8,7,31,15,10,9,22,28,25,13,8,15,12,27,14,11,32,7359,747
408,53,23,19,95,27,15,25,26,35,18,85,29,20,31,30,27,30,37,27,16,14,99,28,20,27,28,16,13,23,20,32,23,11,14,33,30,18,25,27,11,11,40,22,13,12,29,33,33,16,12,17,16,35,17,14,37,7199,799
398,51,20,18,102,26,15,24,24,26,14,79,29,20,24,24,25,31,46,31,15,14,112,27,22,34,35,18,16,22,19,35,25,11,14,40,30,17,28,32,12,13,28,15,13,13,31,27,25,17,15,18,16,45,20,18,40,7096,881
418,58,24,21,96,33,18,27,30,42,22,96,34,24,39,37,27,34,43,30,19,17,99,31,25,30,31,19,15,23,21,35,26,14,16,34,34,20,28,31,12,12,45,24,15,13,32,41,38,18,13,21,18,36,20,16,43,6966,837
506,45,24,17,154,32,14,30,30,26,13,71,29,18,23,21,31,29,52,34,16,13,161,32,20,35,33,14,10,25,18,37,27,10,12,30,36,15,28,32,8,8,29,15,12,9,22,25,22,14,8,17,14,33,16,11,30,6982,864
432,60,23,21,110,30,17,27,28,36,20,91,31,21,32,33,28,33,47,33,18,17,117,30,23,36,38,19,17,24,21,41,29,14,17,42,33,18,31,37,14,14,37,22,16,15,37,34,33,19,15,20,18,46,21,18,46,6796,946
473,62,26,22,125,33,18,30,31,38,21,97,35,24,34,34,31,36,52,36,20,19,132,34,26,38,40,21,18,26,23,42,31,14,18,46,36,20,33,38,15,15,41,23,16,16,37,37,36,20,16,22,21,50,23,20,47,6537,1016
536,48,27,20,161,34,16,33,32,26,13,76,32,20,22,21,33,33,66,42,18,14,169,34,22,44,47,18,13,28,20,49,34,12,14,38,37,17,36,44,11,10,28,14,13,12,26,25,22,16,11,20,16,41,20,14,35,6629,977
547,61,29,24,153,36,19,35,34,33,18,95,38,25,30,29,35,39,65,44,21,19,160,36,27,46,49,23,18,30,24,52,37,15,18,49,39,21,39,47,15,15,36,20,17,16,36,33,31,20,16,24,21,53,24,20,47,6216,1120
616,66,32,26,180,40,22,39,39,35,20,101,42,28,32,31,40,43,78,54,25,23,188,41,31,57,60,27,23,33,27,62,45,18,22,63,43,23,47,57,18,18,38,21,19,19,42,34,33,24,20,27,25,68,29,24,54,5627,1319
719,78,38,32,217,47,26,47,47,37,22,114,50,34,34,34,48,52,103,73,32,30,228,50,37,76,82,36,32,39,33,81,58,23,29,93,51,28,61,75,25,25,41,24,25,26,55,37,36,32,27,35,33,98,39,33,68,4560,1692
856,92,43,38,283,53,32,53,54,35,23,128,60,43,33,36,55,62,143,106,42,43,298,58,47,111,126,52,49,45,39,111,80,31,42,167,58,35,84,110,35,40,39,25,33,36,76,37,38,45,43,46,46,176,55,52,94,2858,2311
798,86,41,36,253,51,30,51,52,37,23,121,56,39,34,36,52,57,123,89,38,37,266,56,42,93,102,44,41,43,37,97,69,28,36,128,56,32,72,92,30,33,41,25,30,32,66,38,38,39,35,41,40,135,47,43,81,3645,2025
909,98,44,40,310,54,34,54,55,33,23,133,64,46,32,36,56,66,149,114,44,49,327,60,50,119,139,57,58,46,41,117,86,32,47,212,60,37,89,120,38,47,37,24,35,40,84,35,38,51,50,48,52,222,60,60,104,2215,2559
964,109,44,43,334,52,36,54,53,28,21,141,66,48,28,34,56,68,137,108,40,52,355,59,53,114,139,58,67,46,44,111,83,31,50,258,58,39,86,121,40,55,32,23,33,42,91,32,37,55,59,45,56,270,62,71,110,1726,2812
