12,3,0,0,1,1,0,0,0,2,1,8,1,0,3,2,0,1,0,0,0,0,3,1,0,0,0,0,0,0,0,0,0,0,0,0,1,0,0,0,0,0,3,1,0,0,0,3,2,0,0,0,0,0,0,0,1,9893,22
164,27,9,8,34,13,6,9,10,20,9,54,14,8,20,16,9,14,12,8,5,4,36,10,8,8,8,5,3,8,8,11,7,3,4,8,14,7,8,8,3,2,21,11,4,3,11,21,17,5,2,6,4,9,5,3,16,8882,282
243,36,13,11,56,17,9,14,15,24,12,63,19,11,22,20,15,19,23,15,9,6,59,16,12,16,16,8,5,13,11,19,13,6,6,12,19,10,14,15,5,4,26,13,7,5,15,24,20,7,4,10,7,14,9,6,22,8370,432
281,39,15,13,66,21,11,17,18,29,14,71,22,14,27,24,18,23,28,19,11,9,70,20,15,20,20,10,7,15,13,23,16,7,9,19,23,12,18,19,6,6,32,16,9,7,19,28,25,10,6,12,10,21,12,8,27,8025,535
379,50,20,17,90,27,14,23,25,35,18,82,27,19,30,29,24,28,38,26,15,13,95,26,20,27,29,15,11,20,17,31,22,10,13,29,29,16,25,28,10,9,36,19,12,10,25,31,29,14,10,16,14,31,16,12,35,7393,723
330,47,18,15,79,25,13,20,22,34,18,77,25,17,30,29,20,26,32,23,14,11,83,23,18,23,24,13,9,18,16,26,19,9,11,24,27,14,21,23,8,7,37,19,11,9,23,32,30,13,8,15,12,26,13,10,32,7673,636
404,47,21,18,110,28,15,25,26,29,16,75,29,20,26,25,25,30,49,33,16,14,116,28,21,35,35,16,12,22,18,35,26,11,14,34,31,17,28,31,10,10,32,17,12,11,27,28,27,15,11,18,15,37,17,13,35,7192,801
437,54,23,19,111,31,16,27,28,35,18,87,32,22,32,30,28,33,43,30,18,15,116,31,23,31,31,17,14,23,20,35,25,12,15,34,34,19,27,31,11,11,38,20,14,12,29,34,31,17,13,19,17,37,19,15,39,7000,858
509,56,27,21,145,34,17,32,32,33,18,89,35,22,29,29,32,35,59,39,19,17,152,34,24,41,44,20,16,27,22,46,33,13,16,42,37,19,35,41,13,13,36,20,15,14,32,32,31,19,14,21,19,46,22,17,43,6529,1011
462,55,24,20,127,30,16,28,29,31,17,84,31,20,28,28,29,32,53,36,18,16,135,31,22,38,40,19,15,25,20,43,30,13,16,41,33,18,32,39,13,13,33,18,15,14,33,30,28,18,14,20,18,44,20,17,42,6779,949
544,62,29,24,149,36,19,35,34,34,19,97,39,25,31,30,35,39,64,44,22,19,156,37,28,46,49,23,19,30,25,52,37,15,19,50,40,21,39,46,16,15,37,20,17,17,37,34,32,21,17,24,21,54,25,20,48,6191,1129
646,68,34,27,192,42,22,41,41,36,20,104,44,29,32,31,42,45,85,59,26,24,200,43,32,61,65,29,24,35,28,67,48,19,22,66,45,24,51,61,19,19,39,21,20,20,43,35,33,25,21,29,26,70,31,25,56,5415,1383
587,66,30,26,169,38,21,37,36,34,19,98,40,27,30,31,38,41,74,51,23,21,178,39,30,53,57,26,22,32,26,59,42,17,21,61,41,23,44,54,17,18,37,21,19,19,41,33,32,23,19,26,24,66,28,24,52,5821,1260
689,74,37,30,206,46,25,45,45,37,21,109,48,33,33,33,46,49,94,67,30,28,215,48,35,69,74,33,28,38,31,74,54,22,27,81,50,27,56,69,22,23,40,23,24,24,50,36,35,29,24,33,30,86,35,30,62,4919,1561
791,84,41,35,251,51,29,51,51,37,23,120,55,38,34,35,52,56,121,86,37,36,263,55,41,90,98,43,39,43,36,94,67,27,35,122,55,31,70,89,29,31,41,24,29,31,64,37,37,38,34,40,39,128,45,41,79,3778,1984
734,80,38,33,224,48,27,48,48,38,23,117,52,36,34,35,49,53,107,76,33,32,235,51,39,80,86,38,34,40,34,84,61,24,31,100,52,29,63,79,26,27,42,24,26,27,57,38,37,33,29,37,34,105,41,36,72,4359,1766
877,93,43,39,294,54,33,54,54,34,23,129,62,44,33,36,56,63,146,109,43,45,309,59,48,114,131,54,52,45,40,113,82,31,44,183,59,35,86,114,36,42,38,25,34,38,79,36,38,47,45,46,48,191,57,55,97,2620,2405
828,89,42,37,270,53,31,52,53,36,24,125,58,41,34,37,53,60,137,100,41,41,284,57,45,105,118,49,46,44,38,106,77,30,39,149,58,34,80,104,33,37,40,25,32,35,72,38,39,43,40,44,44,157,52,48,88,3183,2184
917,99,44,41,313,54,34,55,54,32,23,135,64,46,32,36,56,66,150,114,44,49,331,60,50,120,141,58,59,46,42,118,86,33,48,220,59,37,90,122,38,48,36,24,35,40,86,35,38,52,51,48,53,230,61,62,106,2118,2597
967,110,44,43,335,52,36,54,53,28,21,142,66,48,28,34,56,68,135,107,40,52,356,59,53,113,138,58,68,46,44,110,82,31,51,260,58,39,86,121,40,56,32,23,33,42,91,32,37,55,60,45,57,273,61,71,110,1703,2826
