146,24,8,7,30,11,5,8,9,17,8,47,12,7,17,14,8,12,11,7,5,3,32,9,8,8,7,4,2,7,7,10,6,3,4,7,12,7,7,7,2,2,19,9,4,3,9,18,15,4,2,5,4,8,4,3,14,9001,252
262,37,14,12,62,19,9,15,16,26,13,66,20,12,24,21,16,21,26,17,10,8,66,18,13,18,18,9,6,14,12,21,15,6,8,16,21,11,16,17,5,5,28,14,8,6,17,26,22,9,5,11,8,17,10,7,24,8205,483
317,47,17,15,73,24,12,19,21,34,17,78,25,16,31,29,20,26,30,21,13,11,76,22,17,21,21,12,9,17,15,24,17,9,11,21,26,14,20,21,8,7,37,19,10,8,22,32,30,12,7,14,12,23,13,9,31,7772,604
348,48,19,16,86,26,14,21,23,33,18,76,25,18,30,29,22,25,33,24,14,13,91,25,19,25,25,13,11,19,17,28,21,10,12,28,28,15,23,25,9,9,36,19,12,10,25,32,30,14,10,15,14,31,14,12,33,7531,688
347,46,19,17,96,30,15,22,26,35,18,78,29,22,31,28,23,30,52,37,17,14,101,27,22,39,42,17,11,18,17,37,28,11,14,33,31,17,32,36,10,9,35,19,12,11,25,31,28,14,9,18,15,35,18,12,35,7310,727
455,50,21,16,110,26,12,26,24,29,14,81,26,16,25,24,26,28,37,23,13,11,116,26,18,25,24,13,10,22,17,29,20,9,11,25,29,13,21,24,8,7,31,15,10,9,22,28,25,13,8,15,12,27,14,11,32,7359,747
409,53,23,19,95,27,15,25,26,34,17,84,29,20,30,30,27,29,37,27,16,14,99,28,20,27,28,16,13,23,20,32,23,11,14,33,30,18,25,27,11,11,39,22,13,12,28,33,33,16,12,17,16,36,17,14,37,7203,800
399,52,20,18,101,26,15,24,24,27,15,81,30,20,25,25,25,31,46,31,16,14,110,27,22,33,35,18,16,22,20,35,25,11,14,39,30,17,28,32,12,13,30,16,13,13,32,28,26,17,15,18,16,44,20,18,40,7094,875
415,58,24,21,96,33,18,26,30,43,23,99,35,24,41,38,27,35,42,29,20,17,99,31,25,30,31,19,15,23,21,35,25,14,17,34,35,20,27,31,13,12,46,25,16,13,32,42,39,19,13,21,18,36,20,16,44,6947,842
505,45,25,17,153,32,14,30,30,26,13,71,29,19,23,21,31,29,52,34,16,13,160,32,20,35,33,14,10,25,18,37,27,10,12,30,36,15,28,32,8,8,29,15,12,9,22,25,22,14,8,17,14,33,16,11,30,6982,864
426,61,23,21,108,28,17,26,27,32,20,84,29,21,28,31,28,31,46,33,17,18,118,30,23,35,38,20,19,24,22,39,28,14,18,48,32,19,31,36,15,16,34,21,16,16,38,30,31,20,18,20,20,53,22,21,46,6775,981
470,66,26,23,113,33,19,30,31,44,24,106,36,24,39,38,31,37,50,35,21,19,118,33,26,36,39,21,18,26,23,41,30,15,18,42,36,21,32,38,14,14,47,26,16,15,38,42,41,20,15,22,20,44,22,19,49,6548,997
517,48,26,20,153,32,15,31,30,25,13,76,32,20,23,21,32,33,65,42,18,15,160,32,22,44,46,18,13,27,20,49,34,12,14,40,35,17,36,43,11,10,28,14,13,12,27,25,22,16,12,19,16,43,20,15,36,6685,965
544,45,27,19,179,36,16,33,33,23,12,70,33,21,19,19,33,33,70,45,18,15,187,36,23,48,50,19,14,28,20,52,37,12,15,44,40,17,38,46,12,11,25,12,14,13,27,22,20,17,12,21,17,48,21,15,35,6507,1020
573,57,29,22,166,35,17,36,34,29,16,90,36,23,26,24,37,37,66,43,20,16,173,36,25,45,47,20,16,30,23,52,35,14,16,43,39,19,37,45,13,12,33,17,15,14,32,29,26,18,13,22,18,46,22,17,42,6311,1094
528,66,28,25,140,36,20,34,34,38,21,101,40,27,34,34,34,40,62,44,23,21,147,37,29,46,49,25,21,29,25,52,37,16,20,53,40,22,40,47,17,17,41,23,18,18,41,38,36,22,18,25,23,57,27,22,52,6134,1143
699,75,37,31,210,46,26,45,45,37,22,112,49,33,34,34,46,50,98,69,31,29,220,48,36,72,77,34,30,38,32,77,55,22,28,86,50,27,58,71,23,24,41,24,24,25,52,37,36,30,26,34,31,91,37,31,65,4782,1610
609,66,32,26,176,39,21,39,38,35,19,100,42,28,31,31,39,43,77,53,24,22,185,41,30,56,59,27,23,33,27,61,44,17,21,62,43,23,46,56,18,18,38,21,19,19,42,34,32,24,20,27,24,66,29,24,53,5689,1299
815,87,42,37,263,52,30,52,52,36,23,123,57,40,34,36,53,59,130,95,39,39,276,56,44,99,110,47,43,43,37,101,73,29,38,140,57,33,76,98,31,35,40,25,31,33,69,37,38,41,38,43,42,147,49,45,85,3402,2113
936,103,44,42,322,53,35,54,54,30,22,137,65,47,30,35,56,67,142,110,42,50,341,59,51,116,139,58,62,46,43,114,84,32,49,234,59,38,88,121,39,51,34,24,34,41,87,34,37,53,54,46,54,245,61,65,106,1983,2682
